cam_name: h20t_datadron_nueva3
camera_matrix:
- - 1531.1829525696342
  - 0.0
  - 956.1333023121819
- - 0.0
  - 1531.1829525696342
  - 554.7767654305237
- - 0.0
  - 0.0
  - 1.0
distortion_coefs:
- - -4.1971920174920285
  - 100.31623362974248
  - -0.0008870052786372532
  - 8.587471268148011e-06
  - -189.9230955455759
  - -4.391302128121242
  - 98.97127122075867
  - -186.038961498987
  - 0.0
  - 0.0
  - 0.0
  - 0.0
  - 0.0
  - 0.0
