cam_name: h20t_datadron_nueva5
camera_matrix:
- - 1714.439073165209
  - 0.0
  - 840.664688651886
- - 0.0
  - 1714.439073165209
  - 545.6040463355245
- - 0.0
  - 0.0
  - 1.0
distortion_coefs:
- - 0.5708993683924057
- - 6.1600580692369835
- - 0.0016983134070796282
- - -0.017080118817113233
- - 21.18549520395114
- - 0.25505275667226696
- - 7.267294620316338
- - 18.585511672774548
- - 0.0
- - 0.0
- - 0.0
- - 0.0
- - 0.0
- - 0.0
