cam_name: pocox3_guille5
camera_matrix:
- - 1772.514723193932
  - 0.0
  - 544.2829772987368
- - 0.0
  - 1772.0909959558396
  - 947.9538327619864
- - 0.0
  - 0.0
  - 1.0
distortion_coefs:
- - 2.878122386703435
- - -55.035500926645135
- - -0.00152070882941729
- - 0.0007395706783035943
- - 741.2850444718856
- - 2.6756698352160946
- - -52.743375589836454
- - 726.4906844040587
- - 0.0
- - 0.0
- - 0.0
- - 0.0
- - 0.0
- - 0.0
